499
369
0
95
0
95
1
0
49
1
48
1
0
48
1
49
1
1
48
1
49
1
1
49
1
48
1
8
95
48
49
48
49
48
49
95
26
8
5
0
0
18
87
101
108
99
111
109
101
32
116
111
32
84
117
114
105
110
103
33
7
84
117
112
108
101
115
58
15
73
110
105
116
105
97
108
32
83
116
97
116
101
58
32
19
73
110
105
116
105
97
108
32
84
97
112
101
32
72
101
97
100
58
32
14
73
110
105
116
105
97
108
32
84
97
112
101
58
32
19
84
117
114
105
110
103
32
114
117
110
32
99
111
109
112
108
101
116
101
12
70
105
110
97
108
32
84
97
112
101
58
32
10
84
104
97
116
32
116
111
111
107
32
6
32
115
116
101
112
115
39
212
9
0
1
35
37
1
37
196
28
180
12
1
4
8
36
5
12
1
5
34
5
4
37
482
28
168
12
1
0
9
2
3
9
0
1
34
1
3
37
222
28
180
6
4
0
16
1
0
20
5
0
40
12
1
9
8
34
3
39
385
44
10
12
1
0
9
0
1
7
1
37
12
1
0
9
0
1
45
1
54
0
2
53
1
2
28
257
12
1
0
9
0
1
33
0
1
38
270
36
275
16
1
2
28
280
12
1
2
28
280
8
34
3
16
1
3
34
2
3
37
482
12
1
3
14
35
3
34
2
3
37
482
5
1
4
28
168
55
39
44
10
44
10
55
58
44
10
39
348
44
10
55
66
8
37
5
49
5
44
10
55
82
8
38
5
49
5
44
10
55
102
55
25
44
10
44
10
40
39
212
39
434
44
10
12
1
4
8
36
5
12
1
5
34
5
4
38
348
40
8
34
2
14
38
2
5
1
4
39
307
5
1
4
28
168
34
2
3
37
411
46
3
12
1
3
8
34
5
14
35
5
34
3
5
36
385
44
32
39
434
40
44
91
46
3
44
93
12
1
3
8
34
5
14
35
5
34
3
5
36
385
39
434
40
39
212
9
0
1
49
1
44
32
12
1
0
9
0
1
45
1
44
32
12
1
0
9
0
1
49
1
44
32
12
1
0
9
0
1
45
1
44
32
12
1
0
9
0
1
49
1
40
55
117
44
10
55
137
55
25
44
10
55
150
49
9
55
161
0
